, 654 111001 0111001111

σαν) 090, 18 ute ἄν 301111 33- 311134113011111403,6

101013711101. 095, 15 311110- 3111011340 350, 7. 408, 7.

’ &arriperes 4ν. 306, 1. 337, 30119073371384,10.

, 6 031 ἦν - προαποθέμενος. 31111083(11409,14.

341, 10. 344, 17. 384, 5. 396, 3931171101, 3, 4 331 , 3.

1. 409, 7. 439, 18. 31 314,7 φοιτήσαντα ἐς 1311 11-
1397ν111319101 (115011οῑ1 titulus) 111311.

353, 13. 3113 71331011,301111111113011. 11-
131 pro 3ν 301, 4 1311311193 1111111ιί100 080, 15. 085,17.

13νΚο194ν1-311111790301,310, 098,10 303, 17. 307,14

7 31 10 1ον 137111113ον 39111 374, 19. 390, 14. 393, 6419,

διέτριβεν. 330, 3. 331, 19. 7. 416, 18.

31011 (Ag. 6, 4. 47, 0. passim) 30311 cum superlativis (1911,
3933133 ’3134ὲέ ’ 33 31 31130333) 333 :²
3131111333 1407 ,971' 1413903013 3074 9- 396, 3. 411 , 10.,413.
33013131 1717μ3νος. 0. 409, 17. 431, 19. 430,11.
301101. 03710301 3111101, mori 3019011311 080,9. 301, 19 301. ’
(Ag. 4, 5. 087,5.) 083, 11. 14. 396,3. 410, 0. 414, 14.
403, 1813113νο1. 31190 1111119. 31111) 344, 91131

311101 pro 31111 (17. 137, 0.) 301, 11903910, 1111 31190 ἄλλα.
83130040 311101 1031341303· 13300901, 3, 7· 441, 4 13330-
31013 1193101. 357, 1. 383, 9ον 3111930.

10. 414, 10416, 13. 13113310101, 17, ον 080, 14088.
3001711ον, 13 364, 9, 10. 300, 16. 306, 9. 330, 15
31111301 390, 15. - 385, 3. 409, 10.
3111011μ3171111111 404, 10 7039- 39101911, ἤ,119111110111143099
1101 ἐξεπολεμήθησαν 1011 Ῥω· 3739901, 3, r) 417, 00 410,
3033333110 300, 00. 313, 01. 4171ιέορ10 031391 385, 10 344111

300, 9. 1ον811031ον1ν χρυσίον 1301·
3711171 (forma ion.) 306, 00. 9009111.
3090070910 430, 0. 40913 171, 3, 1) 416, 17.
3719113130 430,6. 4703711111, 3 095, 15. 305, ¹7·
31710131 091 , 14 3ν 80301139 309,3 150. 3ὲο, 6. 330, 3. 358,

11, 1 . 3, 1.

3114310 306, 5. 303,15. 341, 4333711101, 3, 4 306, 3 13 411-
4. 360, 0. 080, 00. 401, 18. βατον τοῦ βαλανείου,

33139931, punitus 330, 19 τὴν 41009101. 335, 01 ἢν 31119·
33 ρχῆς 3111311ον. 3ν 3977 10111.

’301, 03 037 11007οω1101 ἐν 31171140 439, 0 311 1590113117

3977113111190131. 0109 θαμίζειν. (Ag. 6, n)

3377040111, 3 080,0 3 113134- θεῖον, 13 434, 00.
3.ονον (3771301101 356, 18. 3101130130 363, 00.

3407130001 091, 11. 308, 5 ἐξ· 1313030101, 3, ἦ 409, 00.
333 ὲ4313733 33735ἶί 3333333133 ‘⁰¹³ '‘m'’ ’¹²
cto'augqnento). μ ’ g 81711131, 13 086, 7138911051

3300113ζο 373, 6. καὶ οἰκετικὸν, copiae domesti-

3110111931, 4 333, 9. 111.(89. 80, 5.)

3011190930 087, 7. 407, 00. 3910071311, 4, patria 323, 415.

31113311 409831143001 ιοῑς 331111 349. 13.

3111103011 13 σ13μ113301103. 3091 ς, 3 341 , 7,

3111300130 441 , 00. 3091093901, 3 408, 13.

3113113411 363, 19. 364, 01, 441,17. 3310301330 309, 3.

 

